[gd_scene load_steps=14 format=2]

[ext_resource path="res://Data/Scripts/World.gd" type="Script" id=1]
[ext_resource path="res://Data/Scripts/Rail.gd" type="Script" id=2]
[ext_resource path="res://Data/Scripts/Signal.gd" type="Script" id=3]
[ext_resource path="res://Data/Scripts/Station.gd" type="Script" id=4]
[ext_resource path="res://Data/Modules/Rail.tscn" type="PackedScene" id=5]
[ext_resource path="res://Data/Scripts/ContactPoint.gd" type="Script" id=6]
[ext_resource path="res://Resources/Environments/UndergroundWorldEnvironment.tres" type="Environment" id=7]
[ext_resource path="res://Data/Scripts/SpeedLimitSignal.gd" type="Script" id=8]
[ext_resource path="res://Data/Scripts/BuildingsNode.gd" type="Script" id=12]
[ext_resource path="res://Data/Modules/Station.tscn" type="PackedScene" id=13]
[ext_resource path="res://Data/Modules/Signal.tscn" type="PackedScene" id=15]
[ext_resource path="res://Data/Modules/ContactPoint.tscn" type="PackedScene" id=16]
[ext_resource path="res://Data/Modules/SpeedLimit_Lf7.tscn" type="PackedScene" id=60]

[node name="World" type="Spatial"]
script = ExtResource( 1 )
FileName = "U2-Nuremberg"
world_origin_on_last_save = Vector3( 0, 0, 0 )

[node name="DirectionalLight" type="DirectionalLight" parent="."]
transform = Transform( 1, 0, 0, 0, -0.766044, 0.642787, 0, -0.642787, -0.766044, 0, 80.3552, 0 )
visible = false
light_energy = 5.0
light_bake_mode = 2
shadow_enabled = true
shadow_color = Color( 0.603922, 0.603922, 0.603922, 1 )
directional_shadow_blend_splits = true
directional_shadow_normal_bias = 0.0
directional_shadow_bias_split_scale = 0.0
directional_shadow_max_distance = 200.0

[node name="WorldEnvironment" type="WorldEnvironment" parent="."]
environment = ExtResource( 7 )

[node name="Players" type="Spatial" parent="."]

[node name="Signals" type="Spatial" parent="."]

[node name="Röthenbach1" type="Spatial" parent="Signals" groups=["Signal"] instance=ExtResource( 13 )]
transform = Transform( 0.0505579, 0, -0.998721, 0, 1, 0, 0.998721, 0, 0.0505579, 15.3, 0, 20.79 )
script = ExtResource( 4 )
length = 135
platform_side = 1
personSystem = true
platformHeight = 1.2
platformStart = 2.5
platformEnd = 4.5
attached_rail = "Röthenbach"
on_rail_position = 0.0
forward = true
assigned_signal = "Signal"

[node name="Röthenbach2" type="Spatial" parent="Signals" groups=["Signal"] instance=ExtResource( 13 )]
transform = Transform( -0.0766841, 0, 0.997055, 0, 1, 0, -0.997055, 0, -0.0766841, 35.8542, 0, 154.593 )
script = ExtResource( 4 )
length = 135
platform_side = 1
personSystem = true
platformHeight = 1.2
platformStart = 2.5
platformEnd = 4.5
attached_rail = "RöthenbachP"
on_rail_position = 134.686
forward = false
assigned_signal = "Signal5"

[node name="HoheMarter1" type="Spatial" parent="Signals" groups=["Signal"] instance=ExtResource( 13 )]
transform = Transform( 0.869478, 0, -0.493972, 0, 1, 0, 0.493972, 0, 0.869478, 843.112, 0, 921.97 )
script = ExtResource( 4 )
length = 100
platform_side = 1
personSystem = true
platformHeight = 1.2
platformStart = 2.5
platformEnd = 4.5
attached_rail = "Röthenbach13"
on_rail_position = 15.0
forward = true
assigned_signal = "Signal11"

[node name="HoheMarter2" type="Spatial" parent="Signals" groups=["Signal"] instance=ExtResource( 13 )]
transform = Transform( -0.869478, 0, 0.493972, 0, 1, 0, -0.493972, 0, -0.869478, 940.335, 0, 963.403 )
script = ExtResource( 4 )
length = 100
platform_side = 1
personSystem = true
platformHeight = 1.2
platformStart = 2.5
platformEnd = 4.5
attached_rail = "Röthenbach13P"
on_rail_position = 120.0
forward = false
assigned_signal = "Signal13"

[node name="Schweinau1" type="Spatial" parent="Signals" groups=["Signal"] instance=ExtResource( 13 )]
transform = Transform( 0.909222, 0, -0.416312, 0, 1, 0, 0.416312, 0, 0.909222, 1197.29, 0, 1118.18 )
script = ExtResource( 4 )
length = 100
platform_side = 1
personSystem = true
platformHeight = 1.2
platformStart = 2.5
platformEnd = 4.5
attached_rail = "Röthenbach16"
on_rail_position = 0.0
forward = true
assigned_signal = "Signal65"

[node name="Schweinau2" type="Spatial" parent="Signals" groups=["Signal"] instance=ExtResource( 13 )]
transform = Transform( -0.909222, 0, 0.416312, 0, 1, 0, -0.416312, 0, -0.909222, 1293.2, 0, 1148.9 )
script = ExtResource( 4 )
length = 100
platform_side = 1
personSystem = true
platformHeight = 1.2
platformStart = 2.5
platformEnd = 4.5
attached_rail = "Röthenbach16P"
on_rail_position = 100.0
forward = false
assigned_signal = "Signal66"

[node name="StLeonhard1" type="Spatial" parent="Signals" groups=["Signal"] instance=ExtResource( 13 )]
transform = Transform( 0.98599, 0, -0.166803, 0, 1, 0, 0.166803, 0, 0.98599, 1916.28, 5, 1368.93 )
script = ExtResource( 4 )
length = 100
platform_side = 1
personSystem = true
platformHeight = 1.2
platformStart = 2.5
platformEnd = 4.5
attached_rail = "Röthenbach24"
on_rail_position = 0.0
forward = true
assigned_signal = "Signal21"

[node name="StLeonhard2" type="Spatial" parent="Signals" groups=["Signal"] instance=ExtResource( 13 )]
transform = Transform( -0.98599, 0, 0.166803, 0, 1, 0, -0.166803, 0, -0.98599, 2016.88, 5, 1373.78 )
script = ExtResource( 4 )
length = 100
platform_side = 1
personSystem = true
platformHeight = 1.2
platformStart = 2.5
platformEnd = 4.5
attached_rail = "Röthenbach24P"
on_rail_position = 100.0
forward = false
assigned_signal = "Signal20"

[node name="RothenburgerStraße1" type="Spatial" parent="Signals" groups=["Signal"] instance=ExtResource( 13 )]
transform = Transform( 0.759249, 0, -0.650801, 0, 1, 0, 0.650801, 0, 0.759249, 2535.95, 8.74866, 1711 )
script = ExtResource( 4 )
length = 100
platform_side = 1
personSystem = true
platformHeight = 1.2
platformStart = 2.5
platformEnd = 4.5
attached_rail = "Röthenbach38"
on_rail_position = 0.0
forward = true
assigned_signal = "Signal29"

[node name="RothenburgerStraße2" type="Spatial" parent="Signals" groups=["Signal"] instance=ExtResource( 13 )]
transform = Transform( -0.724373, 0, 0.689408, 0, 1, 0, -0.689408, 0, -0.724373, 2617.96, 8.74866, 1768.91 )
script = ExtResource( 4 )
length = 100
platform_side = 1
personSystem = true
platformHeight = 1.2
platformStart = 2.5
platformEnd = 4.5
attached_rail = "Röthenbach38P"
on_rail_position = 100.0
forward = false
assigned_signal = "Signal27"

[node name="Plärrer1" type="Spatial" parent="Signals" groups=["Signal"] instance=ExtResource( 13 )]
transform = Transform( -0.114972, 0, -0.993369, 0, 1, 0, 0.993369, 0, -0.114972, 2991.59, 5.24866, 2389.81 )
script = ExtResource( 4 )
length = 100
platform_side = 1
personSystem = true
platformHeight = 1.2
platformStart = 2.5
platformEnd = 4.5
attached_rail = "Röthenbach49"
on_rail_position = 0.0
forward = true
assigned_signal = "Signal40"

[node name="Plärrer1R" type="Spatial" parent="Signals" groups=["Signal"] instance=ExtResource( 13 )]
transform = Transform( 0.201112, 0, 0.979568, 0, 1, 0, -0.979568, 0, 0.201112, 2975.78, 5.24866, 2488.52 )
script = ExtResource( 4 )
length = 100
platform_side = 2
personSystem = true
platformHeight = 1.2
platformStart = 2.5
platformEnd = 4.5
attached_rail = "Röthenbach49"
on_rail_position = 100.0
forward = false
assigned_signal = "Signal39"

[node name="Plärrer2" type="Spatial" parent="Signals" groups=["Signal"] instance=ExtResource( 13 )]
transform = Transform( 0.200226, 0, 0.97975, 0, 1, 0, -0.97975, 0, 0.200226, 2987.74, 5.24866, 2489.91 )
script = ExtResource( 4 )
length = 100
platform_side = 1
personSystem = true
platformHeight = 1.2
platformStart = 2.5
platformEnd = 4.5
attached_rail = "Röthenbach48P2"
on_rail_position = 100.0
forward = false
assigned_signal = "Signal38"

[node name="Plärrer2R" type="Spatial" parent="Signals" groups=["Signal"] instance=ExtResource( 13 )]
transform = Transform( -0.114972, 0, -0.993369, 0, 1, 0, 0.993369, 0, -0.114972, 3003.51, 5.24866, 2391.19 )
script = ExtResource( 4 )
length = 100
platform_side = 2
personSystem = true
platformHeight = 1.2
platformStart = 2.5
platformEnd = 4.5
attached_rail = "Röthenbach48P2"
on_rail_position = 0.0
forward = true
assigned_signal = "Signal41"

[node name="Oper1" type="Spatial" parent="Signals" groups=["Signal"] instance=ExtResource( 13 )]
transform = Transform( -0.132291, 0, -0.991211, 0, 1, 0, 0.991211, 0, -0.132291, 2846.87, 5.24866, 3077.92 )
script = ExtResource( 4 )
length = 100
platform_side = 1
personSystem = true
platformHeight = 1.2
platformStart = 2.5
platformEnd = 4.5
attached_rail = "Röthenbach59"
on_rail_position = 0.0
forward = true
assigned_signal = "Signal47"

[node name="Oper2" type="Spatial" parent="Signals" groups=["Signal"] instance=ExtResource( 13 )]
transform = Transform( 0.132291, 0, 0.991211, 0, 1, 0, -0.991211, 0, 0.132291, 2845.54, 5.24866, 3178.63 )
script = ExtResource( 4 )
length = 100
platform_side = 1
personSystem = true
platformHeight = 1.2
platformStart = 2.5
platformEnd = 4.5
attached_rail = "Röthenbach59P"
on_rail_position = 100.0
forward = false
assigned_signal = "Signal46"

[node name="Hauptbahnhof1" type="Spatial" parent="Signals" groups=["Signal"] instance=ExtResource( 13 )]
transform = Transform( 0.332128, 0, -0.943234, 0, 1, 0, 0.943234, 0, 0.332128, 2832.19, 9, 3612.85 )
script = ExtResource( 4 )
length = 100
platform_side = 1
personSystem = true
platformHeight = 1.2
platformStart = 2.5
platformEnd = 4.5
attached_rail = "Röthenbach68"
on_rail_position = 0.0
forward = true
assigned_signal = "Signal59"

[node name="Hauptbahnhof2" type="Spatial" parent="Signals" groups=["Signal"] instance=ExtResource( 13 )]
transform = Transform( -0.413072, 0, 0.910698, 0, 1, 0, -0.910698, 0, -0.413072, 2880.4, 9, 3700.65 )
script = ExtResource( 4 )
length = 100
platform_side = 1
personSystem = true
platformHeight = 1.2
platformStart = 2.5
platformEnd = 4.5
attached_rail = "Röthenbach68P"
on_rail_position = 98.9528
forward = false
assigned_signal = "Signal50"

[node name="Signal" type="Spatial" parent="Signals" groups=["Signal"] instance=ExtResource( 15 )]
transform = Transform( 0.0766809, 0, -0.997055, 0, 1, 0, 0.997055, 0, 0.0766809, 23.8889, 0, 155.513 )
visible = false
script = ExtResource( 3 )
signal_type = 3
status = 1
signal_free_time = -1
speed = 80.0
visual_instance_path = "res://Resources/SignalTypes/Ks/Ks.tscn"
attached_rail = "Röthenbach"
forward = true
on_rail_position = 135
operation_mode = 1

[node name="ContactPoint" type="Spatial" parent="Signals" groups=["Signal"] instance=ExtResource( 16 )]
transform = Transform( -0.184983, 0, 0.982742, 0, 1, 0, -0.982742, 0, -0.184983, 39.7834, 0, 184.317 )
script = ExtResource( 6 )
affectedSignal = "Signal"
disabled = false
newStatus = 1
newSpeed = 80.0
enable_for_all_trains = true
bySpecificTrain = ""
affectTime = 5.0
attached_rail = "Röthenbach2P"
on_rail_position = 30
forward = false

[node name="Signal2" type="Spatial" parent="Signals" groups=["Signal"] instance=ExtResource( 15 )]
transform = Transform( 0.139715, 0, -0.990191, 0, 1, 0, 0.990191, 0, 0.139715, 13.0511, 0, -73.579 )
visible = false
script = ExtResource( 3 )
signal_type = 3
status = 1
signal_free_time = -1
speed = 20.0
visual_instance_path = "res://Resources/SignalTypes/Ks/Ks.tscn"
attached_rail = "RöthenbachP4P"
forward = false
on_rail_position = 10
operation_mode = 0

[node name="Signal3" type="Spatial" parent="Signals" groups=["Signal"] instance=ExtResource( 15 )]
transform = Transform( 0.139712, 0, -0.990192, 0, 1, 0, 0.990192, 0, 0.139712, 18.9942, 0, -74.4035 )
visible = false
script = ExtResource( 3 )
signal_type = 3
status = 1
signal_free_time = -1
speed = -1.0
visual_instance_path = "res://Resources/SignalTypes/Ks/Ks.tscn"
attached_rail = "RöthenbachP4"
forward = false
on_rail_position = 10
operation_mode = 0

[node name="Signal4" type="Spatial" parent="Signals" groups=["Signal"] instance=ExtResource( 15 )]
transform = Transform( 0.139719, 0, -0.990191, 0, 1, 0, 0.990191, 0, 0.139719, 7.10805, 0, -72.7546 )
visible = false
script = ExtResource( 3 )
signal_type = 3
status = 1
signal_free_time = -1
speed = -1.0
visual_instance_path = "res://Resources/SignalTypes/Ks/Ks.tscn"
attached_rail = "RöthenbachP4PP"
forward = false
on_rail_position = 10
operation_mode = 0

[node name="Signal5" type="Spatial" parent="Signals" groups=["Signal"] instance=ExtResource( 15 )]
transform = Transform( -0.0505621, 0, 0.998721, 0, 1, 0, -0.998721, 0, -0.0505621, 27.0272, 0, 15.1963 )
visible = false
script = ExtResource( 3 )
signal_type = 3
status = 1
signal_free_time = -1
speed = 20.0
visual_instance_path = "res://Resources/SignalTypes/Ks/Ks.tscn"
attached_rail = "RöthenbachP2"
forward = true
on_rail_position = 5
operation_mode = 1

[node name="Signal6" type="Spatial" parent="Signals" groups=["Signal"] instance=ExtResource( 15 )]
transform = Transform( -0.424333, 0, 0.905506, 0, 1, 0, -0.905506, 0, -0.424333, 63.7453, 0, 256.004 )
visible = false
script = ExtResource( 3 )
signal_type = 3
status = 1
signal_free_time = -1
speed = 80.0
visual_instance_path = "res://Resources/SignalTypes/Ks/Ks.tscn"
attached_rail = "Röthenbach4P"
forward = false
on_rail_position = 10
operation_mode = 0

[node name="Signal7" type="Spatial" parent="Signals" groups=["Signal"] instance=ExtResource( 15 )]
transform = Transform( 0.851707, 0, -0.524016, 0, 1, 0, 0.524016, 0, 0.851707, 194.867, -5.19771, 436.7 )
visible = false
script = ExtResource( 3 )
signal_type = 3
status = 1
signal_free_time = -1
speed = -1.0
visual_instance_path = "res://Resources/SignalTypes/Ks/Ks.tscn"
attached_rail = "Röthenbach6"
forward = true
on_rail_position = 10
operation_mode = 0

[node name="Signal8" type="Spatial" parent="Signals" groups=["Signal"] instance=ExtResource( 15 )]
transform = Transform( -0.851708, 0, 0.524017, 0, 1, 0, -0.524017, 0, -0.851708, 286.325, -8.02655, 478.88 )
visible = false
script = ExtResource( 3 )
signal_type = 3
status = 1
signal_free_time = -1
speed = -1.0
visual_instance_path = "res://Resources/SignalTypes/Ks/Ks.tscn"
attached_rail = "Röthenbach72P"
forward = false
on_rail_position = 10
operation_mode = 0

[node name="Signal9" type="Spatial" parent="Signals" groups=["Signal"] instance=ExtResource( 15 )]
transform = Transform( 0.731489, 0, -0.681853, 0, 1, 0, 0.681853, 0, 0.731489, 575.773, -0.014434, 721.845 )
visible = false
script = ExtResource( 3 )
signal_type = 3
status = 1
signal_free_time = -1
speed = -1.0
visual_instance_path = "res://Resources/SignalTypes/Ks/Ks.tscn"
attached_rail = "Röthenbach9Connector"
forward = true
on_rail_position = 30
operation_mode = 0

[node name="Signal10" type="Spatial" parent="Signals" groups=["Signal"] instance=ExtResource( 15 )]
transform = Transform( -0.712002, 0, 0.702178, 0, 1, 0, -0.702178, 0, -0.712002, 647.467, -0.00477213, 780.089 )
visible = false
script = ExtResource( 3 )
signal_type = 3
status = 1
signal_free_time = -1
speed = -1.0
visual_instance_path = "res://Resources/SignalTypes/Ks/Ks.tscn"
attached_rail = "Röthenbach9P"
forward = false
on_rail_position = 30
operation_mode = 0

[node name="Signal11" type="Spatial" parent="Signals" groups=["Signal"] instance=ExtResource( 15 )]
transform = Transform( 0.869478, 0, -0.493972, 0, 1, 0, 0.493972, 0, 0.869478, 938.755, 0, 976.306 )
visible = false
script = ExtResource( 3 )
signal_type = 3
status = 1
signal_free_time = -1
speed = -1.0
visual_instance_path = "res://Resources/SignalTypes/Ks/Ks.tscn"
attached_rail = "Röthenbach13"
forward = true
on_rail_position = 125
operation_mode = 1

[node name="Signal12" type="Spatial" parent="Signals" groups=["Signal"] instance=ExtResource( 15 )]
transform = Transform( 0.869478, 0, -0.493972, 0, 1, 0, 0.493972, 0, 0.869478, 1009.89, 0, 1002.92 )
visible = false
script = ExtResource( 3 )
signal_type = 3
status = 1
signal_free_time = -1
speed = -1.0
visual_instance_path = "res://Resources/SignalTypes/Ks/Ks.tscn"
attached_rail = "Röthenbach13P"
forward = true
on_rail_position = 200
operation_mode = 0

[node name="Signal13" type="Spatial" parent="Signals" groups=["Signal"] instance=ExtResource( 15 )]
transform = Transform( -0.869478, 0, 0.493972, 0, 1, 0, -0.493972, 0, -0.869478, 849.04, 0, 911.536 )
visible = false
script = ExtResource( 3 )
signal_type = 3
status = 1
signal_free_time = -1
speed = -1.0
visual_instance_path = "res://Resources/SignalTypes/Ks/Ks.tscn"
attached_rail = "Röthenbach13P"
forward = false
on_rail_position = 15
operation_mode = 1

[node name="Signal14" type="Spatial" parent="Signals" groups=["Signal"] instance=ExtResource( 15 )]
transform = Transform( -0.884158, 0, 0.467189, 0, 1, 0, -0.467189, 0, -0.884158, 1121.84, 0, 1062.95 )
script = ExtResource( 3 )
signal_type = 3
status = 1
signal_free_time = -1
speed = -1.0
visual_instance_path = "res://Resources/SignalTypes/Ks/Ks.tscn"
attached_rail = "Röthenbach15PConnector3"
forward = false
on_rail_position = 7
operation_mode = 0

[node name="Signal15" type="Spatial" parent="Signals" groups=["Signal"] instance=ExtResource( 15 )]
transform = Transform( -0.871625, 0, 0.490174, 0, 1, 0, -0.490174, 0, -0.871625, 1112.65, 0, 1075.09 )
script = ExtResource( 3 )
signal_type = 3
status = 1
signal_free_time = -1
speed = -1.0
visual_instance_path = "res://Resources/SignalTypes/Ks/Ks.tscn"
attached_rail = "Röthenbach15"
forward = false
on_rail_position = 5
operation_mode = 0

[node name="Signal16" type="Spatial" parent="Signals" groups=["Signal"] instance=ExtResource( 15 )]
transform = Transform( 0.832902, 0, -0.55342, 0, 1, 0, 0.55342, 0, 0.832902, 1383.33, 0, 1214.75 )
script = ExtResource( 3 )
signal_type = 3
status = 1
signal_free_time = -1
speed = -1.0
visual_instance_path = "res://Resources/SignalTypes/Ks/Ks.tscn"
attached_rail = "Röthenbach18"
forward = true
on_rail_position = 10
operation_mode = 0

[node name="Signal17" type="Spatial" parent="Signals" groups=["Signal"] instance=ExtResource( 15 )]
transform = Transform( -0.869481, 0, 0.493965, 0, 1, 0, -0.493965, 0, -0.869481, 1422.39, 0, 1224.79 )
script = ExtResource( 3 )
signal_type = 3
status = 1
signal_free_time = -1
speed = 80.0
visual_instance_path = "res://Resources/SignalTypes/Ks/Ks.tscn"
attached_rail = "Röthenbach19PConnector"
forward = false
on_rail_position = 50
operation_mode = 0

[node name="Signal18" type="Spatial" parent="Signals" groups=["Signal"] instance=ExtResource( 15 )]
transform = Transform( 0.971953, 0, -0.235176, 0, 1, 0, 0.235176, 0, 0.971953, 1669.46, 3.39746, 1330.36 )
script = ExtResource( 3 )
signal_type = 3
status = 1
signal_free_time = -1
speed = -1.0
visual_instance_path = "res://Resources/SignalTypes/Ks/Ks.tscn"
attached_rail = "Röthenbach21"
forward = true
on_rail_position = 20
operation_mode = 0

[node name="Signal19" type="Spatial" parent="Signals" groups=["Signal"] instance=ExtResource( 15 )]
transform = Transform( -0.977873, 0, 0.209201, 0, 1, 0, -0.209201, 0, -0.977873, 1701.74, 2.49731, 1325.41 )
script = ExtResource( 3 )
signal_type = 3
status = 1
signal_free_time = -1
speed = -1.0
visual_instance_path = "res://Resources/SignalTypes/Ks/Ks.tscn"
attached_rail = "Röthenbach21P"
forward = false
on_rail_position = 50
operation_mode = 0

[node name="Signal20" type="Spatial" parent="Signals" groups=["Signal"] instance=ExtResource( 15 )]
transform = Transform( -0.98599, 0, 0.166803, 0, 1, 0, -0.166803, 0, -0.98599, 1918.28, 5, 1357.1 )
script = ExtResource( 3 )
signal_type = 3
status = 1
signal_free_time = -1
speed = -1.0
visual_instance_path = "res://Resources/SignalTypes/Ks/Ks.tscn"
attached_rail = "Röthenbach24P"
forward = false
on_rail_position = 0
operation_mode = 1

[node name="Signal21" type="Spatial" parent="Signals" groups=["Signal"] instance=ExtResource( 15 )]
transform = Transform( 0.98599, 0, -0.166803, 0, 1, 0, 0.166803, 0, 0.98599, 2014.87, 5, 1385.61 )
script = ExtResource( 3 )
signal_type = 3
status = 1
signal_free_time = -1
speed = -1.0
visual_instance_path = "res://Resources/SignalTypes/Ks/Ks.tscn"
attached_rail = "Röthenbach25"
forward = true
on_rail_position = 0
operation_mode = 1

[node name="Signal22" type="Spatial" parent="Signals" groups=["Signal"] instance=ExtResource( 15 )]
transform = Transform( 0.823118, 0, -0.567872, 0, 1, 0, 0.567872, 0, 0.823118, 2268.7, 7.49731, 1470.44 )
script = ExtResource( 3 )
signal_type = 3
status = 1
signal_free_time = -1
speed = -1.0
visual_instance_path = "res://Resources/SignalTypes/Ks/Ks.tscn"
attached_rail = "Röthenbach29"
forward = true
on_rail_position = 0
operation_mode = 0

[node name="Signal23" type="Spatial" parent="Signals" groups=["Signal"] instance=ExtResource( 15 )]
transform = Transform( 0.823118, 0, -0.567872, 0, 1, 0, 0.567872, 0, 0.823118, 2271.26, 7.49731, 1466.74 )
script = ExtResource( 3 )
signal_type = 3
status = 1
signal_free_time = -1
speed = -1.0
visual_instance_path = "res://Resources/SignalTypes/Ks/Ks.tscn"
attached_rail = "Röthenbach29P"
forward = true
on_rail_position = 0
operation_mode = 0

[node name="Signal25" type="Spatial" parent="Signals" groups=["Signal"] instance=ExtResource( 15 )]
transform = Transform( 0.714824, 0, -0.699304, 0, 1, 0, 0.699304, 0, 0.714824, 2442.87, 8.74866, 1620.29 )
script = ExtResource( 3 )
signal_type = 3
status = 1
signal_free_time = -1
speed = 50.0
visual_instance_path = "res://Resources/SignalTypes/Ks/Ks.tscn"
attached_rail = "Röthenbach32"
forward = true
on_rail_position = 50
operation_mode = 0

[node name="Signal24" type="Spatial" parent="Signals" groups=["Signal"] instance=ExtResource( 15 )]
transform = Transform( 0.759249, 0, -0.650801, 0, 1, 0, 0.650801, 0, 0.759249, 2483.3, 8.74866, 1650.31 )
script = ExtResource( 3 )
signal_type = 3
status = 1
signal_free_time = -1
speed = -1.0
visual_instance_path = "res://Resources/SignalTypes/Ks/Ks.tscn"
attached_rail = "Röthenbach31P3Connector2"
forward = true
on_rail_position = 0
operation_mode = 0

[node name="Signal26" type="Spatial" parent="Signals" groups=["Signal"] instance=ExtResource( 15 )]
transform = Transform( 0.81308, 0, -0.582151, 0, 1, 0, 0.582151, 0, 0.81308, 2445.28, 8.47074, 1632.7 )
script = ExtResource( 3 )
signal_type = 3
status = 1
signal_free_time = -1
speed = -1.0
visual_instance_path = "res://Resources/SignalTypes/Ks/Ks.tscn"
attached_rail = "Röthenbach35"
forward = false
on_rail_position = 20
operation_mode = 0

[node name="Signal27" type="Spatial" parent="Signals" groups=["Signal"] instance=ExtResource( 15 )]
transform = Transform( -0.759249, 0, 0.650801, 0, 1, 0, -0.650801, 0, -0.759249, 2543.76, 8.74866, 1701.89 )
script = ExtResource( 3 )
signal_type = 3
status = 1
signal_free_time = -1
speed = -1.0
visual_instance_path = "res://Resources/SignalTypes/Ks/Ks.tscn"
attached_rail = "Röthenbach38P"
forward = false
on_rail_position = 0
operation_mode = 1

[node name="Signal28" type="Spatial" parent="Signals" groups=["Signal"] instance=ExtResource( 15 )]
transform = Transform( -0.736073, 0, 0.676902, 0, 1, 0, -0.676902, 0, -0.736073, 2520.99, 8.74866, 1697.73 )
script = ExtResource( 3 )
signal_type = 3
status = 1
signal_free_time = -1
speed = -1.0
visual_instance_path = "res://Resources/SignalTypes/Ks/Ks.tscn"
attached_rail = "Röthenbach33"
forward = false
on_rail_position = 30
operation_mode = 0

[node name="Signal29" type="Spatial" parent="Signals" groups=["Signal"] instance=ExtResource( 15 )]
transform = Transform( 0.727749, 0, -0.685844, 0, 1, 0, 0.685844, 0, 0.727749, 2612.31, 8.74866, 1780.1 )
script = ExtResource( 3 )
signal_type = 3
status = 1
signal_free_time = -1
speed = 80.0
visual_instance_path = "res://Resources/SignalTypes/Ks/Ks.tscn"
attached_rail = "Röthenbach39"
forward = true
on_rail_position = 3
operation_mode = 1

[node name="Signal30" type="Spatial" parent="Signals" groups=["Signal"] instance=ExtResource( 15 )]
transform = Transform( 0.727826, 0, -0.685762, 0, 1, 0, 0.685762, 0, 0.727826, 2620.59, 8.74866, 1771.41 )
script = ExtResource( 3 )
signal_type = 3
status = 1
signal_free_time = -1
speed = -1.0
visual_instance_path = "res://Resources/SignalTypes/Ks/Ks.tscn"
attached_rail = "Röthenbach39P"
forward = true
on_rail_position = 3
operation_mode = 0

[node name="Signal31" type="Spatial" parent="Signals" groups=["Signal"] instance=ExtResource( 15 )]
transform = Transform( 0.916349, 0, -0.400381, 0, 1, 0, 0.400381, 0, 0.916349, 2920.51, 8.67877, 1956.1 )
script = ExtResource( 3 )
signal_type = 3
status = 1
signal_free_time = -1
speed = -1.0
visual_instance_path = "res://Resources/SignalTypes/Ks/Ks.tscn"
attached_rail = "Röthenbach42"
forward = true
on_rail_position = 10
operation_mode = 0

[node name="Signal32" type="Spatial" parent="Signals" groups=["Signal"] instance=ExtResource( 15 )]
transform = Transform( -0.916349, 0, 0.40038, 0, 1, 0, -0.40038, 0, -0.916349, 2924.51, 8.74866, 1946.94 )
script = ExtResource( 3 )
signal_type = 3
status = 1
signal_free_time = -1
speed = -1.0
visual_instance_path = "res://Resources/SignalTypes/Ks/Ks.tscn"
attached_rail = "Röthenbach42P"
forward = false
on_rail_position = 10
operation_mode = 0

[node name="Signal33" type="Spatial" parent="Signals" groups=["Signal"] instance=ExtResource( 15 )]
transform = Transform( 0.0897282, 0, -0.995966, 0, 1, 0, 0.995966, 0, 0.0897282, 3062.42, 5.24866, 2131.83 )
script = ExtResource( 3 )
signal_type = 3
status = 1
signal_free_time = -1
speed = 60.0
visual_instance_path = "res://Resources/SignalTypes/Ks/Ks.tscn"
attached_rail = "Röthenbach44"
forward = true
on_rail_position = 150
operation_mode = 0

[node name="Signal34" type="Spatial" parent="Signals" groups=["Signal"] instance=ExtResource( 15 )]
transform = Transform( -0.368155, 0, -0.929765, 0, 1, 0, 0.929765, 0, -0.368155, 3044.24, 5.24866, 2239.16 )
script = ExtResource( 3 )
signal_type = 3
status = 1
signal_free_time = -1
speed = 60.0
visual_instance_path = "res://Resources/SignalTypes/Ks/Ks.tscn"
attached_rail = "Röthenbach46"
forward = true
on_rail_position = 10
operation_mode = 0

[node name="Signal35" type="Spatial" parent="Signals" groups=["Signal"] instance=ExtResource( 15 )]
transform = Transform( -0.368155, 0, -0.929765, 0, 1, 0, 0.929765, 0, -0.368155, 3055.4, 5.24866, 2243.58 )
script = ExtResource( 3 )
signal_type = 3
status = 1
signal_free_time = -1
speed = 50.0
visual_instance_path = "res://Resources/SignalTypes/Ks/Ks.tscn"
attached_rail = "Röthenbach46P"
forward = true
on_rail_position = 10
operation_mode = 0

[node name="Signal36" type="Spatial" parent="Signals" groups=["Signal"] instance=ExtResource( 15 )]
transform = Transform( 0.368157, 0, 0.929764, 0, 1, 0, -0.929764, 0, 0.368157, 3092.21, 5.24866, 2150.6 )
script = ExtResource( 3 )
signal_type = 3
status = 1
signal_free_time = -1
speed = -1.0
visual_instance_path = "res://Resources/SignalTypes/Ks/Ks.tscn"
attached_rail = "Röthenbach46P2"
forward = true
on_rail_position = 90
operation_mode = 0

[node name="Signal37" type="Spatial" parent="Signals" groups=["Signal"] instance=ExtResource( 15 )]
transform = Transform( -0.368157, 0, -0.929764, 0, 1, 0, 0.929764, 0, -0.368157, 3114.3, 5.24866, 2094.81 )
script = ExtResource( 3 )
signal_type = 3
status = 1
signal_free_time = -1
speed = -1.0
visual_instance_path = "res://Resources/SignalTypes/Ks/Ks.tscn"
attached_rail = "Röthenbach46P3"
forward = false
on_rail_position = 50
operation_mode = 0

[node name="Signal38" type="Spatial" parent="Signals" groups=["Signal"] instance=ExtResource( 15 )]
transform = Transform( 0.114969, 0, 0.993369, 0, 1, 0, -0.993369, 0, 0.114969, 3003.51, 5.24866, 2391.19 )
script = ExtResource( 3 )
signal_type = 3
status = 1
signal_free_time = -1
speed = -1.0
visual_instance_path = "res://Resources/SignalTypes/Ks/Ks.tscn"
attached_rail = "Röthenbach48P2"
forward = false
on_rail_position = 0
operation_mode = 1

[node name="Signal39" type="Spatial" parent="Signals" groups=["Signal"] instance=ExtResource( 15 )]
transform = Transform( 0.140934, 0, 0.990019, 0, 1, 0, -0.990019, 0, 0.140934, 2992.23, 5.24866, 2384.83 )
script = ExtResource( 3 )
signal_type = 3
status = 1
signal_free_time = -1
speed = -1.0
visual_instance_path = "res://Resources/SignalTypes/Ks/Ks.tscn"
attached_rail = "Röthenbach48"
forward = false
on_rail_position = 45
operation_mode = 1

[node name="Signal40" type="Spatial" parent="Signals" groups=["Signal"] instance=ExtResource( 15 )]
transform = Transform( -0.223285, 0, -0.974754, 0, 1, 0, 0.974754, 0, -0.223285, 2973.65, 5.24866, 2498.29 )
script = ExtResource( 3 )
signal_type = 3
status = 1
signal_free_time = -1
speed = 80.0
visual_instance_path = "res://Resources/SignalTypes/Ks/Ks.tscn"
attached_rail = "Röthenbach50"
forward = true
on_rail_position = 10
operation_mode = 1

[node name="Signal41" type="Spatial" parent="Signals" groups=["Signal"] instance=ExtResource( 15 )]
transform = Transform( -0.201069, 0, -0.979576, 0, 1, 0, 0.979576, 0, -0.201069, 2987.54, 5.24866, 2490.89 )
script = ExtResource( 3 )
signal_type = 3
status = 1
signal_free_time = -1
speed = 80.0
visual_instance_path = "res://Resources/SignalTypes/Ks/Ks.tscn"
attached_rail = "Röthenbach48P2"
forward = true
on_rail_position = 101
operation_mode = 1

[node name="Signal42" type="Spatial" parent="Signals" groups=["Signal"] instance=ExtResource( 15 )]
transform = Transform( -0.454638, 0, -0.890677, 0, 1, 0, 0.890677, 0, -0.454638, 2912.97, 5.24866, 2645.82 )
script = ExtResource( 3 )
signal_type = 3
status = 1
signal_free_time = -1
speed = -1.0
visual_instance_path = "res://Resources/SignalTypes/Ks/Ks.tscn"
attached_rail = "Röthenbach53Connector2"
forward = true
on_rail_position = 20
operation_mode = 0

[node name="Signal43" type="Spatial" parent="Signals" groups=["Signal"] instance=ExtResource( 15 )]
transform = Transform( 0.079992, 0, 0.996796, 0, 1, 0, -0.996796, 0, 0.079992, 2887.03, 5.24866, 2729.11 )
script = ExtResource( 3 )
signal_type = 3
status = 1
signal_free_time = -1
speed = -1.0
visual_instance_path = "res://Resources/SignalTypes/Ks/Ks.tscn"
attached_rail = "Röthenbach53Connector"
forward = false
on_rail_position = 10
operation_mode = 0

[node name="Signal44" type="Spatial" parent="Signals" groups=["Signal"] instance=ExtResource( 15 )]
transform = Transform( -0.0802373, 0, -0.996776, 0, 1, 0, 0.996776, 0, -0.0802373, 2871.17, 5.24866, 2814.05 )
script = ExtResource( 3 )
signal_type = 3
status = 1
signal_free_time = -1
speed = -1.0
visual_instance_path = "res://Resources/SignalTypes/Ks/Ks.tscn"
attached_rail = "Röthenbach54"
forward = true
on_rail_position = 45
operation_mode = 0

[node name="Signal45" type="Spatial" parent="Signals" groups=["Signal"] instance=ExtResource( 15 )]
transform = Transform( 0.0860048, 0, 0.996295, 0, 1, 0, -0.996295, 0, 0.0860048, 2870.89, 5.24866, 2929.41 )
script = ExtResource( 3 )
signal_type = 3
status = 1
signal_free_time = -1
speed = -1.0
visual_instance_path = "res://Resources/SignalTypes/Ks/Ks.tscn"
attached_rail = "Röthenbach56P"
forward = false
on_rail_position = 10
operation_mode = 0

[node name="Signal46" type="Spatial" parent="Signals" groups=["Signal"] instance=ExtResource( 15 )]
transform = Transform( 0.132295, 0, 0.99121, 0, 1, 0, -0.99121, 0, 0.132295, 2858.76, 5.24866, 3079.51 )
script = ExtResource( 3 )
signal_type = 3
status = 1
signal_free_time = -1
speed = 80.0
visual_instance_path = "res://Resources/SignalTypes/Ks/Ks.tscn"
attached_rail = "Röthenbach59P"
forward = false
on_rail_position = 0
operation_mode = 1

[node name="Signal47" type="Spatial" parent="Signals" groups=["Signal"] instance=ExtResource( 15 )]
transform = Transform( -0.132295, 0, -0.99121, 0, 1, 0, 0.99121, 0, -0.132295, 2833.64, 5.24866, 3177.04 )
script = ExtResource( 3 )
signal_type = 3
status = 1
signal_free_time = -1
speed = -1.0
visual_instance_path = "res://Resources/SignalTypes/Ks/Ks.tscn"
attached_rail = "Röthenbach60"
forward = true
on_rail_position = 0
operation_mode = 1

[node name="Signal48" type="Spatial" parent="Signals" groups=["Signal"] instance=ExtResource( 15 )]
transform = Transform( -0.097618, 0, -0.995224, 0, 1, 0, 0.995224, 0, -0.097618, 2859.1, 5.24866, 2958.55 )
script = ExtResource( 3 )
signal_type = 3
status = 1
signal_free_time = -1
speed = -1.0
visual_instance_path = "res://Resources/SignalTypes/Ks/Ks.tscn"
attached_rail = "Röthenbach57"
forward = true
on_rail_position = 10
operation_mode = 0

[node name="Signal49" type="Spatial" parent="Signals" groups=["Signal"] instance=ExtResource( 15 )]
transform = Transform( -0.132295, 0, -0.99121, 0, 1, 0, 0.99121, 0, -0.132295, 2815.11, 8.97437, 3315.81 )
script = ExtResource( 3 )
signal_type = 3
status = 1
signal_free_time = -1
speed = -1.0
visual_instance_path = "res://Resources/SignalTypes/Ks/Ks.tscn"
attached_rail = "Röthenbach61"
forward = true
on_rail_position = 90
operation_mode = 0

[node name="Signal50" type="Spatial" parent="Signals" groups=["Signal"] instance=ExtResource( 15 )]
transform = Transform( -0.314583, 0, 0.949229, 0, 1, 0, -0.949229, 0, -0.314583, 2841.28, 9, 3602.38 )
script = ExtResource( 3 )
signal_type = 3
status = 1
signal_free_time = -1
speed = -1.0
visual_instance_path = "res://Resources/SignalTypes/Ks/Ks.tscn"
attached_rail = "Röthenbach66P"
forward = false
on_rail_position = 90
operation_mode = 1

[node name="Signal51" type="Spatial" parent="Signals" groups=["Signal"] instance=ExtResource( 15 )]
transform = Transform( 0.0693482, 0, 0.997593, 0, 1, 0, -0.997593, 0, 0.0693482, 2820.65, 9, 3377.05 )
script = ExtResource( 3 )
signal_type = 3
status = 1
signal_free_time = -1
speed = -1.0
visual_instance_path = "res://Resources/SignalTypes/Ks/Ks.tscn"
attached_rail = "Röthenbach62P"
forward = false
on_rail_position = 50
operation_mode = 0

[node name="Signal52" type="Spatial" parent="Signals" groups=["Signal"] instance=ExtResource( 15 )]
transform = Transform( 0.132295, 0, 0.99121, 0, 1, 0, -0.99121, 0, 0.132295, 2832.32, 5.29859, 3186.95 )
script = ExtResource( 3 )
signal_type = 3
status = 1
signal_free_time = -1
speed = -1.0
visual_instance_path = "res://Resources/SignalTypes/Ks/Ks.tscn"
attached_rail = "Röthenbach60"
forward = false
on_rail_position = 10
operation_mode = 0

[node name="Signal53" type="Spatial" parent="Signals" groups=["Signal"] instance=ExtResource( 15 )]
transform = Transform( 0.120749, 0, 0.992683, 0, 1, 0, -0.992683, 0, 0.120749, 2848.14, 5.24866, 3068 )
script = ExtResource( 3 )
signal_type = 3
status = 1
signal_free_time = -1
speed = -1.0
visual_instance_path = "res://Resources/SignalTypes/Ks/Ks.tscn"
attached_rail = "Röthenbach58"
forward = false
on_rail_position = 20
operation_mode = 0

[node name="Signal54" type="Spatial" parent="Signals" groups=["Signal"] instance=ExtResource( 15 )]
transform = Transform( 0.0518064, 0, -0.998657, 0, 1, 0, 0.998657, 0, 0.0518064, 2808.42, 9, 3465.39 )
script = ExtResource( 3 )
signal_type = 3
status = 1
signal_free_time = -1
speed = -1.0
visual_instance_path = "res://Resources/SignalTypes/Ks/Ks.tscn"
attached_rail = "Röthenbach65"
forward = true
on_rail_position = 20
operation_mode = 0

[node name="Signal55" type="Spatial" parent="Signals" groups=["Signal"] instance=ExtResource( 15 )]
transform = Transform( -0.0497788, 0, -0.99876, 0, 1, 0, 0.99876, 0, -0.0497788, 2813.4, 9, 3465.15 )
script = ExtResource( 3 )
signal_type = 3
status = 1
signal_free_time = -1
speed = -1.0
visual_instance_path = "res://Resources/SignalTypes/Ks/Ks.tscn"
attached_rail = "Röthenbach63PConnector2"
forward = true
on_rail_position = 20
operation_mode = 0

[node name="Signal56" type="Spatial" parent="Signals" groups=["Signal"] instance=ExtResource( 15 )]
transform = Transform( 0.0702925, 0, 0.997527, 0, 1, 0, -0.997527, 0, 0.0702925, 2808.73, 9, 3375.45 )
script = ExtResource( 3 )
signal_type = 3
status = 1
signal_free_time = -1
speed = -1.0
visual_instance_path = "res://Resources/SignalTypes/Ks/Ks.tscn"
attached_rail = "Röthenbach62"
forward = false
on_rail_position = 50
operation_mode = 0

[node name="Signal57" type="Spatial" parent="Signals" groups=["Signal"] instance=ExtResource( 15 )]
transform = Transform( -0.0298281, 0, 0.999555, 0, 1, 0, -0.999555, 0, -0.0298281, 2813.73, 9, 3375.68 )
script = ExtResource( 3 )
signal_type = 3
status = 1
signal_free_time = -1
speed = -1.0
visual_instance_path = "res://Resources/SignalTypes/Ks/Ks.tscn"
attached_rail = "Röthenbach63PConnector"
forward = false
on_rail_position = 10
operation_mode = 0

[node name="Signal58" type="Spatial" parent="Signals" groups=["Signal"] instance=ExtResource( 15 )]
transform = Transform( 0.30732, 0, -0.951606, 0, 1, 0, 0.951606, 0, 0.30732, 2828.99, 9, 3603.38 )
script = ExtResource( 3 )
signal_type = 3
status = 1
signal_free_time = -1
speed = 50.0
visual_instance_path = "res://Resources/SignalTypes/Ks/Ks.tscn"
attached_rail = "Röthenbach66"
forward = true
on_rail_position = 90
operation_mode = 0

[node name="Signal59" type="Spatial" parent="Signals" groups=["Signal"] instance=ExtResource( 15 )]
transform = Transform( 0.413073, 0, -0.910698, 0, 1, 0, 0.910698, 0, 0.413073, 2869.47, 9, 3705.61 )
script = ExtResource( 3 )
signal_type = 3
status = 1
signal_free_time = -1
speed = -1.0
visual_instance_path = "res://Resources/SignalTypes/Ks/Ks.tscn"
attached_rail = "Röthenbach69"
forward = true
on_rail_position = 0
operation_mode = 1

[node name="Signal60" type="Spatial" parent="Signals" groups=["Signal"] instance=ExtResource( 15 )]
transform = Transform( 0.413073, 0, -0.910698, 0, 1, 0, 0.910698, 0, 0.413073, 2880.4, 9, 3700.65 )
script = ExtResource( 3 )
signal_type = 3
status = 1
signal_free_time = -1
speed = -1.0
visual_instance_path = "res://Resources/SignalTypes/Ks/Ks.tscn"
attached_rail = "Röthenbach68PConnector"
forward = true
on_rail_position = 0
operation_mode = 0

[node name="Signal61" type="Spatial" parent="Signals" groups=["Signal"] instance=ExtResource( 15 )]
transform = Transform( 0.579251, 0, -0.815149, 0, 1, 0, 0.815149, 0, 0.579251, 2966.17, 9, 3891.81 )
script = ExtResource( 3 )
signal_type = 3
status = 1
signal_free_time = -1
speed = -1.0
visual_instance_path = "res://Resources/SignalTypes/Ks/Ks.tscn"
attached_rail = "Röthenbach71"
forward = true
on_rail_position = 10
operation_mode = 0

[node name="Signal62" type="Spatial" parent="Signals" groups=["Signal"] instance=ExtResource( 15 )]
transform = Transform( -0.539312, 0, 0.842106, 0, 1, 0, -0.842106, 0, -0.539312, 2966.1, 9, 3883.66 )
script = ExtResource( 3 )
signal_type = 3
status = 1
signal_free_time = -1
speed = -1.0
visual_instance_path = "res://Resources/SignalTypes/Ks/Ks.tscn"
attached_rail = "Röthenbach71P"
forward = false
on_rail_position = 3
operation_mode = 0

[node name="Signal63" type="Spatial" parent="Signals" groups=["Signal"] instance=ExtResource( 15 )]
transform = Transform( -0.0505621, 0, 0.998721, 0, 1, 0, -0.998721, 0, -0.0505621, 15.0426, 0, 15.803 )
visible = false
script = ExtResource( 3 )
signal_type = 3
status = 1
signal_free_time = -1
speed = -1.0
visual_instance_path = "res://Resources/SignalTypes/Ks/Ks.tscn"
attached_rail = "RöthenbachP2P"
forward = true
on_rail_position = 5
operation_mode = 0

[node name="Signal64" type="Spatial" parent="Signals" groups=["Signal"] instance=ExtResource( 15 )]
transform = Transform( 0.112947, 0, -0.993601, 0, 1, 0, 0.993601, 0, 0.112947, 36.8028, 0, 164.544 )
visible = false
script = ExtResource( 3 )
signal_type = 3
status = 1
signal_free_time = -1
speed = -1.0
visual_instance_path = "res://Resources/SignalTypes/Ks/Ks.tscn"
attached_rail = "Röthenbach2P"
forward = true
on_rail_position = 10
operation_mode = 0

[node name="TrainStation" type="Spatial" parent="Signals" groups=["Signal"] instance=ExtResource( 13 )]
transform = Transform( -0.13741, 0, 0.990514, 0, 1, 0, -0.990514, 0, -0.13741, 14.4368, 0, -63.6756 )
script = ExtResource( 4 )
length = 150
platform_side = 0
personSystem = true
platformHeight = 1.2
platformStart = 2.5
platformEnd = 4.5
attached_rail = "RöthenbachP4P"
on_rail_position = 0.0
forward = true
assigned_signal = "Signal68"

[node name="ContactPoint5" type="Spatial" parent="Signals" groups=["Signal"] instance=ExtResource( 16 )]
transform = Transform( -0.132295, 0, -0.99121, 0, 1, 0, 0.99121, 0, -0.132295, 2840.26, 5.24866, 3127.48 )
script = ExtResource( 6 )
affectedSignal = "Signal47"
disabled = false
newStatus = 1
newSpeed = -1.0
enable_for_all_trains = true
bySpecificTrain = ""
affectTime = 20.0
attached_rail = "Röthenbach59"
on_rail_position = 50
