[gd_scene load_steps=10 format=2]

[ext_resource path="res://Data/Scripts/World.gd" type="Script" id=1]
[ext_resource path="res://Data/Modules/Rail.tscn" type="PackedScene" id=5]
[ext_resource path="res://Resources/Environments/UndergroundWorldEnvironment.tres" type="Environment" id=7]
[ext_resource path="res://Data/Scripts/BuildingsNode.gd" type="Script" id=12]
[ext_resource path="res://Data/Modules/Station.tscn" type="PackedScene" id=13]
[ext_resource path="res://Data/Modules/Signal.tscn" type="PackedScene" id=15]
[ext_resource path="res://Data/Modules/ContactPoint.tscn" type="PackedScene" id=16]
[ext_resource path="res://addons/jean28518.jTools/jSaveManager/jSaveModule.tscn" type="PackedScene" id=22]
[ext_resource path="res://Data/Modules/SpeedLimit_Lf7.tscn" type="PackedScene" id=60]

[node name="World" type="Spatial"]
script = ExtResource( 1 )
FileName = "U2-Nuremberg"

[node name="jSaveModule" parent="." instance=ExtResource( 22 )]
save_path = "res://Worlds/U2-Nuremberg/U2-Nuremberg.save"

[node name="jSaveModuleScenarios" parent="." instance=ExtResource( 22 )]

[node name="DirectionalLight" type="DirectionalLight" parent="."]
transform = Transform( 1, 0, 0, 0, -0.766044, 0.642787, 0, -0.642787, -0.766044, 0, 80.3552, 0 )
visible = false
light_energy = 5.0
light_bake_mode = 2
shadow_color = Color( 0.603922, 0.603922, 0.603922, 1 )
directional_shadow_blend_splits = true
directional_shadow_normal_bias = 0.0
directional_shadow_bias_split_scale = 0.0
directional_shadow_max_distance = 200.0

[node name="WorldEnvironment" type="WorldEnvironment" parent="."]
environment = ExtResource( 7 )

[node name="Players" type="Spatial" parent="."]

[node name="Signals" type="Spatial" parent="."]

[node name="Röthenbach1" parent="Signals" instance=ExtResource( 13 )]
transform = Transform( 0.0505579, 0, -0.998721, 0, 1, 0, 0.998721, 0, 0.0505579, 15.3003, 0, 20.7928 )
stationLength = 135
platform_side = 1
attached_rail = "Röthenbach"

[node name="Röthenbach2" parent="Signals" instance=ExtResource( 13 )]
transform = Transform( 0.0505579, 0, -0.998721, 0, 1, 0, 0.998721, 0, 0.0505579, 35.8018, 0, 153.911 )
stationLength = 135
platform_side = 1
attached_rail = "RöthenbachP"
on_rail_position = 134
forward = false

[node name="HoheMarter1" parent="Signals" instance=ExtResource( 13 )]
transform = Transform( 0.869478, 0, -0.493972, 0, 1, 0, 0.493972, 0, 0.869478, 843.108, 0, 921.972 )
stationLength = 100
platform_side = 1
attached_rail = "Röthenbach13"
on_rail_position = 15

[node name="HoheMarter2" parent="Signals" instance=ExtResource( 13 )]
transform = Transform( 0.869478, 0, -0.493972, 0, 1, 0, 0.493972, 0, 0.869478, 944.678, 0, 965.875 )
stationLength = 100
attached_rail = "Röthenbach13P"
on_rail_position = 125
forward = false

[node name="Schweinau1" parent="Signals" instance=ExtResource( 13 )]
transform = Transform( 0.909222, 0, -0.416312, 0, 1, 0, 0.416312, 0, 0.909222, 1197.29, 0, 1118.18 )
stationLength = 100
platform_side = 1
attached_rail = "Röthenbach16"

[node name="Schweinau2" parent="Signals" instance=ExtResource( 13 )]
transform = Transform( 0.909222, 0, -0.416312, 0, 1, 0, 0.416312, 0, 0.909222, 1293.21, 0, 1148.9 )
stationLength = 100
platform_side = 1
attached_rail = "Röthenbach16P"
on_rail_position = 100
forward = false

[node name="StLeonhard1" parent="Signals" instance=ExtResource( 13 )]
transform = Transform( 0.98599, 0, -0.166803, 0, 1, 0, 0.166803, 0, 0.98599, 1916.28, 5, 1368.93 )
stationLength = 100
platform_side = 1
attached_rail = "Röthenbach24"

[node name="StLeonhard2" parent="Signals" instance=ExtResource( 13 )]
transform = Transform( 0.98599, 0, -0.166803, 0, 1, 0, 0.166803, 0, 0.98599, 2016.88, 5, 1373.78 )
stationLength = 100
platform_side = 1
attached_rail = "Röthenbach24P"
on_rail_position = 100
forward = false

[node name="RothenburgerStraße1" parent="Signals" instance=ExtResource( 13 )]
transform = Transform( 0.759249, 0, -0.650801, 0, 1, 0, 0.650801, 0, 0.759249, 2535.95, 8.74866, 1711 )
stationLength = 100
platform_side = 1
attached_rail = "Röthenbach38"

[node name="RothenburgerStraße2" parent="Signals" instance=ExtResource( 13 )]
transform = Transform( 0.759249, 0, -0.650801, 0, 1, 0, 0.650801, 0, 0.759249, 2617.96, 8.74866, 1768.91 )
stationLength = 100
platform_side = 1
attached_rail = "Röthenbach38P"
on_rail_position = 100
forward = false

[node name="Plärrer1" parent="Signals" instance=ExtResource( 13 )]
transform = Transform( -0.114972, 0, -0.993369, 0, 1, 0, 0.993369, 0, -0.114972, 2991.59, 5.24866, 2389.81 )
stationLength = 100
platform_side = 1
attached_rail = "Röthenbach49"

[node name="Plärrer1R" parent="Signals" instance=ExtResource( 13 )]
transform = Transform( -0.114972, 0, -0.993369, 0, 1, 0, 0.993369, 0, -0.114972, 2975.78, 5.24866, 2488.52 )
stationLength = 100
platform_side = 2
attached_rail = "Röthenbach49"
on_rail_position = 100
forward = false

[node name="Plärrer2" parent="Signals" instance=ExtResource( 13 )]
transform = Transform( -0.114972, 0, -0.993369, 0, 1, 0, 0.993369, 0, -0.114972, 2987.74, 5.24866, 2489.91 )
stationLength = 100
platform_side = 1
attached_rail = "Röthenbach48P2"
on_rail_position = 100
forward = false

[node name="Plärrer2R" parent="Signals" instance=ExtResource( 13 )]
transform = Transform( -0.114972, 0, -0.993369, 0, 1, 0, 0.993369, 0, -0.114972, 3003.51, 5.24866, 2391.19 )
stationLength = 100
platform_side = 2
attached_rail = "Röthenbach48P2"

[node name="Oper1" parent="Signals" instance=ExtResource( 13 )]
transform = Transform( -0.132291, 0, -0.991211, 0, 1, 0, 0.991211, 0, -0.132291, 2846.87, 5.24866, 3077.92 )
stationLength = 100
platform_side = 1
attached_rail = "Röthenbach59"

[node name="Oper2" parent="Signals" instance=ExtResource( 13 )]
transform = Transform( -0.132291, 0, -0.991211, 0, 1, 0, 0.991211, 0, -0.132291, 2845.54, 5.24866, 3178.63 )
stationLength = 100
platform_side = 1
attached_rail = "Röthenbach59P"
on_rail_position = 100
forward = false

[node name="Hauptbahnhof1" parent="Signals" instance=ExtResource( 13 )]
transform = Transform( 0.332128, 0, -0.943234, 0, 1, 0, 0.943234, 0, 0.332128, 2832.52, 9, 3613.79 )
stationLength = 100
platform_side = 1
attached_rail = "Röthenbach68"
on_rail_position = 1

[node name="Hauptbahnhof2" parent="Signals" instance=ExtResource( 13 )]
transform = Transform( 0.332128, 0, -0.943234, 0, 1, 0, 0.943234, 0, 0.332128, 2880.01, 9, 3699.78 )
stationLength = 100
platform_side = 1
attached_rail = "Röthenbach68P"
on_rail_position = 98
forward = false

[node name="Signal" parent="Signals" instance=ExtResource( 15 )]
transform = Transform( 0.0766843, 0, -0.997055, 0, 1, 0, 0.997055, 0, 0.0766843, 23.8897, 0, 155.515 )
visible = false
set_pass_at_h = 11
set_pass_at_m = 1
speed = 80
attached_rail = "Röthenbach"
on_rail_position = 135

[node name="ContactPoint" parent="Signals" instance=ExtResource( 16 )]
transform = Transform( 0.184986, 0, -0.982741, 0, 1, 0, 0.982741, 0, 0.184986, 39.7832, 0, 184.321 )
affectedSignal = "Signal"
newSpeed = 80
affectTime = 5
attached_rail = "Röthenbach2P"
on_rail_position = 30
forward = false

[node name="Signal2" parent="Signals" instance=ExtResource( 15 )]
transform = Transform( 0.139718, 0, -0.990191, 0, 1, 0, 0.990191, 0, 0.139718, 13.0496, 0, -73.5759 )
visible = false
status = 1
set_pass_at_s = 15
speed = 20
attached_rail = "RöthenbachP4P"
forward = false
on_rail_position = 10

[node name="Signal3" parent="Signals" instance=ExtResource( 15 )]
transform = Transform( 0.139715, 0, -0.990192, 0, 1, 0, 0.990192, 0, 0.139715, 18.9927, 0, -74.4004 )
visible = false
attached_rail = "RöthenbachP4"
forward = false
on_rail_position = 10

[node name="Signal4" parent="Signals" instance=ExtResource( 15 )]
transform = Transform( 0.139721, 0, -0.990191, 0, 1, 0, 0.990191, 0, 0.139721, 7.10652, 0, -72.7515 )
visible = false
attached_rail = "RöthenbachP4PP"
forward = false
on_rail_position = 10

[node name="Signal5" parent="Signals" instance=ExtResource( 15 )]
transform = Transform( -0.0505581, 0, 0.998721, 0, 1, 0, -0.998721, 0, -0.0505581, 27.0322, 0, 15.1925 )
visible = false
status = 1
speed = 20
attached_rail = "RöthenbachP2"
on_rail_position = 5

[node name="Signal6" parent="Signals" instance=ExtResource( 15 )]
transform = Transform( -0.424332, 0, 0.905506, 0, 1, 0, -0.905506, 0, -0.424332, 63.7446, 0, 256.008 )
visible = false
status = 1
speed = 80
attached_rail = "Röthenbach4P"
forward = false
on_rail_position = 10

[node name="Signal7" parent="Signals" instance=ExtResource( 15 )]
transform = Transform( 0.851708, 0, -0.524015, 0, 1, 0, 0.524015, 0, 0.851708, 194.865, -5.19771, 436.7 )
visible = false
status = 1
attached_rail = "Röthenbach6"
on_rail_position = 10

[node name="Signal8" parent="Signals" instance=ExtResource( 15 )]
transform = Transform( -0.851709, 0, 0.524015, 0, 1, 0, -0.524015, 0, -0.851709, 286.324, -8.02655, 478.881 )
visible = false
attached_rail = "Röthenbach72P"
forward = false
on_rail_position = 10

[node name="Signal9" parent="Signals" instance=ExtResource( 15 )]
transform = Transform( 0.731489, 0, -0.681853, 0, 1, 0, 0.681853, 0, 0.731489, 575.769, -0.014434, 721.843 )
visible = false
status = 1
attached_rail = "Röthenbach9Connector"
on_rail_position = 30

[node name="Signal10" parent="Signals" instance=ExtResource( 15 )]
transform = Transform( -0.712002, 0, 0.702178, 0, 1, 0, -0.702178, 0, -0.712002, 647.468, -0.00477213, 780.092 )
visible = false
attached_rail = "Röthenbach9P"
forward = false
on_rail_position = 30

[node name="Signal11" parent="Signals" instance=ExtResource( 15 )]
transform = Transform( 0.869478, 0, -0.493972, 0, 1, 0, 0.493972, 0, 0.869478, 938.751, 0, 976.309 )
visible = false
set_pass_at_h = 11
set_pass_at_m = 3
attached_rail = "Röthenbach13"
on_rail_position = 125

[node name="Signal12" parent="Signals" instance=ExtResource( 15 )]
transform = Transform( 0.869478, 0, -0.493972, 0, 1, 0, 0.493972, 0, 0.869478, 1009.89, 0, 1002.92 )
visible = false
attached_rail = "Röthenbach13P"
on_rail_position = 200

[node name="Signal13" parent="Signals" instance=ExtResource( 15 )]
transform = Transform( -0.869478, 0, 0.493972, 0, 1, 0, -0.493972, 0, -0.869478, 849.036, 0, 911.538 )
visible = false
attached_rail = "Röthenbach13P"
forward = false
on_rail_position = 15

[node name="Signal14" parent="Signals" instance=ExtResource( 15 )]
transform = Transform( -0.884158, 0, 0.46719, 0, 1, 0, -0.46719, 0, -0.884158, 1121.84, 0, 1062.95 )
visible = false
status = 1
attached_rail = "Röthenbach15PConnector3"
forward = false
on_rail_position = 7

[node name="Signal15" parent="Signals" instance=ExtResource( 15 )]
transform = Transform( -0.871625, 0, 0.490174, 0, 1, 0, -0.490174, 0, -0.871625, 1112.65, 0, 1075.09 )
visible = false
attached_rail = "Röthenbach15"
forward = false
on_rail_position = 5

[node name="Signal16" parent="Signals" instance=ExtResource( 15 )]
transform = Transform( 0.832902, 0, -0.55342, 0, 1, 0, 0.55342, 0, 0.832902, 1383.33, 0, 1214.75 )
visible = false
status = 1
attached_rail = "Röthenbach18"
on_rail_position = 10

[node name="Signal17" parent="Signals" instance=ExtResource( 15 )]
transform = Transform( -0.869481, 0, 0.493967, 0, 1, 0, -0.493967, 0, -0.869481, 1422.39, 0, 1224.79 )
visible = false
status = 1
speed = 80
attached_rail = "Röthenbach19PConnector"
forward = false
on_rail_position = 50

[node name="Signal18" parent="Signals" instance=ExtResource( 15 )]
transform = Transform( 0.971953, 0, -0.235176, 0, 1, 0, 0.235176, 0, 0.971953, 1669.46, 3.39746, 1330.36 )
visible = false
status = 1
attached_rail = "Röthenbach21"
on_rail_position = 20

[node name="Signal19" parent="Signals" instance=ExtResource( 15 )]
transform = Transform( -0.977873, 0, 0.209201, 0, 1, 0, -0.209201, 0, -0.977873, 1701.74, 2.49731, 1325.41 )
visible = false
status = 1
attached_rail = "Röthenbach21P"
forward = false
on_rail_position = 50

[node name="Signal20" parent="Signals" instance=ExtResource( 15 )]
transform = Transform( -0.98599, 0, 0.166803, 0, 1, 0, -0.166803, 0, -0.98599, 1918.28, 5, 1357.1 )
visible = false
attached_rail = "Röthenbach24P"
forward = false

[node name="Signal21" parent="Signals" instance=ExtResource( 15 )]
transform = Transform( 0.98599, 0, -0.166803, 0, 1, 0, 0.166803, 0, 0.98599, 2014.87, 5, 1385.61 )
visible = false
set_pass_at_h = 11
set_pass_at_m = 5
attached_rail = "Röthenbach25"

[node name="Signal22" parent="Signals" instance=ExtResource( 15 )]
transform = Transform( 0.823117, 0, -0.567873, 0, 1, 0, 0.567873, 0, 0.823117, 2268.7, 7.49731, 1470.44 )
visible = false
status = 1
attached_rail = "Röthenbach29"

[node name="Signal23" parent="Signals" instance=ExtResource( 15 )]
transform = Transform( 0.823117, 0, -0.567873, 0, 1, 0, 0.567873, 0, 0.823117, 2271.26, 7.49731, 1466.74 )
visible = false
attached_rail = "Röthenbach29P"

[node name="Signal25" parent="Signals" instance=ExtResource( 15 )]
transform = Transform( 0.714824, 0, -0.699305, 0, 1, 0, 0.699305, 0, 0.714824, 2442.87, 8.74866, 1620.29 )
visible = false
status = 1
speed = 50
attached_rail = "Röthenbach32"
on_rail_position = 50

[node name="Signal24" parent="Signals" instance=ExtResource( 15 )]
transform = Transform( 0.759249, 0, -0.650801, 0, 1, 0, 0.650801, 0, 0.759249, 2483.3, 8.74866, 1650.31 )
visible = false
attached_rail = "Röthenbach31P3Connector2"

[node name="Signal26" parent="Signals" instance=ExtResource( 15 )]
transform = Transform( 0.81308, 0, -0.582151, 0, 1, 0, 0.582151, 0, 0.81308, 2445.28, 8.47074, 1632.7 )
visible = false
attached_rail = "Röthenbach35"
forward = false
on_rail_position = 20

[node name="Signal27" parent="Signals" instance=ExtResource( 15 )]
transform = Transform( -0.759249, 0, 0.650801, 0, 1, 0, -0.650801, 0, -0.759249, 2543.76, 8.74866, 1701.89 )
visible = false
status = 1
attached_rail = "Röthenbach38P"
forward = false

[node name="Signal28" parent="Signals" instance=ExtResource( 15 )]
transform = Transform( -0.736073, 0, 0.676902, 0, 1, 0, -0.676902, 0, -0.736073, 2520.99, 8.74866, 1697.73 )
visible = false
attached_rail = "Röthenbach33"
forward = false
on_rail_position = 30

[node name="Signal29" parent="Signals" instance=ExtResource( 15 )]
transform = Transform( 0.727749, 0, -0.685844, 0, 1, 0, 0.685844, 0, 0.727749, 2612.31, 8.74866, 1780.1 )
visible = false
set_pass_at_h = 11
set_pass_at_m = 7
speed = 80
attached_rail = "Röthenbach39"
on_rail_position = 3

[node name="Signal30" parent="Signals" instance=ExtResource( 15 )]
transform = Transform( 0.727826, 0, -0.685762, 0, 1, 0, 0.685762, 0, 0.727826, 2620.59, 8.74866, 1771.41 )
visible = false
attached_rail = "Röthenbach39P"
on_rail_position = 3

[node name="Signal31" parent="Signals" instance=ExtResource( 15 )]
transform = Transform( 0.916349, 0, -0.400381, 0, 1, 0, 0.400381, 0, 0.916349, 2920.51, 8.67877, 1956.1 )
visible = false
status = 1
attached_rail = "Röthenbach42"
on_rail_position = 10

[node name="Signal32" parent="Signals" instance=ExtResource( 15 )]
transform = Transform( -0.916349, 0, 0.400381, 0, 1, 0, -0.400381, 0, -0.916349, 2924.51, 8.74866, 1946.94 )
visible = false
attached_rail = "Röthenbach42P"
forward = false
on_rail_position = 10

[node name="Signal33" parent="Signals" instance=ExtResource( 15 )]
transform = Transform( 0.0897276, 0, -0.995966, 0, 1, 0, 0.995966, 0, 0.0897276, 3062.42, 5.24866, 2131.83 )
visible = false
status = 1
speed = 60
attached_rail = "Röthenbach44"
on_rail_position = 150

[node name="Signal34" parent="Signals" instance=ExtResource( 15 )]
transform = Transform( -0.368157, 0, -0.929764, 0, 1, 0, 0.929764, 0, -0.368157, 3044.24, 5.24866, 2239.16 )
visible = false
status = 1
speed = 60
attached_rail = "Röthenbach46"
on_rail_position = 10

[node name="Signal35" parent="Signals" instance=ExtResource( 15 )]
transform = Transform( -0.368157, 0, -0.929764, 0, 1, 0, 0.929764, 0, -0.368157, 3055.4, 5.24866, 2243.58 )
visible = false
status = 1
speed = 50
attached_rail = "Röthenbach46P"
on_rail_position = 10

[node name="Signal36" parent="Signals" instance=ExtResource( 15 )]
transform = Transform( 0.368157, 0, 0.929764, 0, 1, 0, -0.929764, 0, 0.368157, 3092.21, 5.24866, 2150.6 )
visible = false
attached_rail = "Röthenbach46P2"
on_rail_position = 90

[node name="Signal37" parent="Signals" instance=ExtResource( 15 )]
transform = Transform( -0.368157, 0, -0.929764, 0, 1, 0, 0.929764, 0, -0.368157, 3114.3, 5.24866, 2094.81 )
visible = false
status = 1
attached_rail = "Röthenbach46P3"
forward = false
on_rail_position = 50

[node name="Signal38" parent="Signals" instance=ExtResource( 15 )]
transform = Transform( 0.114972, 0, 0.993369, 0, 1, 0, -0.993369, 0, 0.114972, 3003.51, 5.24866, 2391.19 )
visible = false
attached_rail = "Röthenbach48P2"
forward = false

[node name="Signal39" parent="Signals" instance=ExtResource( 15 )]
transform = Transform( 0.140936, 0, 0.990019, 0, 1, 0, -0.990019, 0, 0.140936, 2992.23, 5.24866, 2384.83 )
visible = false
attached_rail = "Röthenbach48"
forward = false
on_rail_position = 45

[node name="Signal40" parent="Signals" instance=ExtResource( 15 )]
transform = Transform( -0.223284, 0, -0.974754, 0, 1, 0, 0.974754, 0, -0.223284, 2973.65, 5.24866, 2498.29 )
visible = false
set_pass_at_h = 11
set_pass_at_m = 8
speed = 80
attached_rail = "Röthenbach50"
on_rail_position = 10

[node name="Signal41" parent="Signals" instance=ExtResource( 15 )]
transform = Transform( -0.202763, 0, -0.979227, 0, 1, 0, 0.979227, 0, -0.202763, 2987.14, 5.24866, 2492.85 )
visible = false
set_pass_at_h = 11
set_pass_at_m = 8
set_pass_at_s = 40
speed = 80
attached_rail = "Röthenbach48P2"
on_rail_position = 103

[node name="Signal42" parent="Signals" instance=ExtResource( 15 )]
transform = Transform( -0.454631, 0, -0.89068, 0, 1, 0, 0.89068, 0, -0.454631, 2912.97, 5.24866, 2645.82 )
visible = false
status = 1
attached_rail = "Röthenbach53Connector2"
on_rail_position = 20

[node name="Signal43" parent="Signals" instance=ExtResource( 15 )]
transform = Transform( 0.0799883, 0, 0.996796, 0, 1, 0, -0.996796, 0, 0.0799883, 2887.03, 5.24866, 2729.11 )
visible = false
attached_rail = "Röthenbach53Connector"
forward = false
on_rail_position = 10

[node name="Signal44" parent="Signals" instance=ExtResource( 15 )]
transform = Transform( -0.0802338, 0, -0.996776, 0, 1, 0, 0.996776, 0, -0.0802338, 2871.17, 5.24866, 2814.05 )
visible = false
status = 1
attached_rail = "Röthenbach54"
on_rail_position = 45

[node name="Signal45" parent="Signals" instance=ExtResource( 15 )]
transform = Transform( 0.0860011, 0, 0.996295, 0, 1, 0, -0.996295, 0, 0.0860011, 2870.89, 5.24866, 2929.41 )
visible = false
set_pass_at_h = 11
set_pass_at_m = 10
attached_rail = "Röthenbach56P"
forward = false
on_rail_position = 10

[node name="Signal46" parent="Signals" instance=ExtResource( 15 )]
transform = Transform( 0.132291, 0, 0.991211, 0, 1, 0, -0.991211, 0, 0.132291, 2858.76, 5.24866, 3079.51 )
visible = false
set_pass_at_h = 11
set_pass_at_m = 10
speed = 80
attached_rail = "Röthenbach59P"
forward = false

[node name="Signal47" parent="Signals" instance=ExtResource( 15 )]
transform = Transform( -0.132291, 0, -0.991211, 0, 1, 0, 0.991211, 0, -0.132291, 2833.64, 5.24866, 3177.04 )
visible = false
set_pass_at_h = 11
set_pass_at_m = 10
attached_rail = "Röthenbach60"

[node name="Signal48" parent="Signals" instance=ExtResource( 15 )]
transform = Transform( -0.0976175, 0, -0.995224, 0, 1, 0, 0.995224, 0, -0.0976175, 2859.1, 5.24866, 2958.55 )
visible = false
status = 1
attached_rail = "Röthenbach57"
on_rail_position = 10

[node name="Signal49" parent="Signals" instance=ExtResource( 15 )]
transform = Transform( -0.132291, 0, -0.991211, 0, 1, 0, 0.991211, 0, -0.132291, 2815.11, 8.97437, 3315.81 )
visible = false
status = 1
set_pass_at_h = 11
set_pass_at_m = 10
set_pass_at_s = 10
attached_rail = "Röthenbach61"
on_rail_position = 90

[node name="Signal50" parent="Signals" instance=ExtResource( 15 )]
transform = Transform( -0.314587, 0, 0.949228, 0, 1, 0, -0.949228, 0, -0.314587, 2841.28, 9, 3602.38 )
visible = false
attached_rail = "Röthenbach66P"
forward = false
on_rail_position = 90

[node name="Signal51" parent="Signals" instance=ExtResource( 15 )]
transform = Transform( 0.0693445, 0, 0.997593, 0, 1, 0, -0.997593, 0, 0.0693445, 2820.65, 9, 3377.05 )
visible = false
status = 1
attached_rail = "Röthenbach62P"
forward = false
on_rail_position = 50

[node name="Signal52" parent="Signals" instance=ExtResource( 15 )]
transform = Transform( 0.132291, 0, 0.991211, 0, 1, 0, -0.991211, 0, 0.132291, 2832.32, 5.29859, 3186.95 )
visible = false
attached_rail = "Röthenbach60"
forward = false
on_rail_position = 10

[node name="Signal53" parent="Signals" instance=ExtResource( 15 )]
transform = Transform( 0.120749, 0, 0.992683, 0, 1, 0, -0.992683, 0, 0.120749, 2848.14, 5.24866, 3068 )
visible = false
attached_rail = "Röthenbach58"
forward = false
on_rail_position = 20

[node name="Signal54" parent="Signals" instance=ExtResource( 15 )]
transform = Transform( 0.0518031, 0, -0.998657, 0, 1, 0, 0.998657, 0, 0.0518031, 2808.42, 9, 3465.39 )
visible = false
status = 1
attached_rail = "Röthenbach65"
on_rail_position = 20

[node name="Signal55" parent="Signals" instance=ExtResource( 15 )]
transform = Transform( -0.0497821, 0, -0.99876, 0, 1, 0, 0.99876, 0, -0.0497821, 2813.4, 9, 3465.15 )
visible = false
attached_rail = "Röthenbach63PConnector2"
on_rail_position = 20

[node name="Signal56" parent="Signals" instance=ExtResource( 15 )]
transform = Transform( 0.0702887, 0, 0.997527, 0, 1, 0, -0.997527, 0, 0.0702887, 2808.73, 9, 3375.45 )
visible = false
attached_rail = "Röthenbach62"
forward = false
on_rail_position = 50

[node name="Signal57" parent="Signals" instance=ExtResource( 15 )]
transform = Transform( -0.0298265, 0, 0.999555, 0, 1, 0, -0.999555, 0, -0.0298265, 2813.73, 9, 3375.68 )
visible = false
attached_rail = "Röthenbach63PConnector"
forward = false
on_rail_position = 10

[node name="Signal58" parent="Signals" instance=ExtResource( 15 )]
transform = Transform( 0.307323, 0, -0.951605, 0, 1, 0, 0.951605, 0, 0.307323, 2828.99, 9, 3603.38 )
visible = false
status = 1
speed = 50
attached_rail = "Röthenbach66"
on_rail_position = 90

[node name="Signal59" parent="Signals" instance=ExtResource( 15 )]
transform = Transform( 0.413073, 0, -0.910698, 0, 1, 0, 0.910698, 0, 0.413073, 2869.47, 9, 3705.61 )
visible = false
attached_rail = "Röthenbach69"

[node name="Signal60" parent="Signals" instance=ExtResource( 15 )]
transform = Transform( 0.413073, 0, -0.910698, 0, 1, 0, 0.910698, 0, 0.413073, 2880.4, 9, 3700.65 )
visible = false
attached_rail = "Röthenbach68PConnector"

[node name="Signal61" parent="Signals" instance=ExtResource( 15 )]
transform = Transform( 0.579253, 0, -0.815148, 0, 1, 0, 0.815148, 0, 0.579253, 2966.17, 9, 3891.81 )
visible = false
attached_rail = "Röthenbach71"
on_rail_position = 10

[node name="Signal62" parent="Signals" instance=ExtResource( 15 )]
transform = Transform( -0.539314, 0, 0.842105, 0, 1, 0, -0.842105, 0, -0.539314, 2966.1, 9, 3883.66 )
visible = false
attached_rail = "Röthenbach71P"
forward = false
on_rail_position = 3

[node name="Signal63" parent="Signals" instance=ExtResource( 15 )]
transform = Transform( -0.0505581, 0, 0.998721, 0, 1, 0, -0.998721, 0, -0.0505581, 15.0475, 0, 15.7992 )
visible = false
attached_rail = "RöthenbachP2P"
on_rail_position = 5

[node name="Signal64" parent="Signals" instance=ExtResource( 15 )]
transform = Transform( 0.112951, 0, -0.993601, 0, 1, 0, 0.993601, 0, 0.112951, 36.8026, 0, 164.549 )
visible = false
attached_rail = "Röthenbach2P"
on_rail_position = 10

[node name="TrainStation" parent="Signals" instance=ExtResource( 13 )]
transform = Transform( -0.13741, 0, 0.990514, 0, 1, 0, -0.990514, 0, -0.13741, 12.3481, 0, -78.5265 )
stationLength = 300
attached_rail = "RöthenbachP4P"
on_rail_position = 15

[node name="ContactPoint5" parent="Signals" instance=ExtResource( 16 )]
transform = Transform( -0.132291, 0, -0.991211, 0, 1, 0, 0.991211, 0, -0.132291, 2840.26, 5.24866, 3127.48 )
affectedSignal = "Signal47"
affectTime = 20
attached_rail = "Röthenbach59"
on_rail_position = 50

[node name="Signal65" parent="Signals" instance=ExtResource( 15 )]
transform = Transform( 0.905554, 0, -0.424231, 0, 1, 0, 0.424231, 0, 0.905554, 1292.75, 0, 1161.91 )
visible = false
set_pass_at_h = 11
set_pass_at_m = 4
attached_rail = "Röthenbach17"
on_rail_position = 5

[node name="Signal66" parent="Signals" instance=ExtResource( 15 )]
transform = Transform( -0.901365, 0, 0.433059, 0, 1, 0, -0.433059, 0, -0.901365, 1198.23, 0, 1105.37 )
visible = false
set_pass_at_h = 11
set_pass_at_m = 4
attached_rail = "Röthenbach16PConnector2"
forward = false
on_rail_position = 35

[node name="ContactPoint2" parent="Signals" instance=ExtResource( 16 )]
transform = Transform( -0.736073, 0, 0.676902, 0, 1, 0, -0.676902, 0, -0.736073, 2536.28, 8.74866, 1695.25 )
affectedSignal = "Signal27"
bySpecificTrain = "-"
attached_rail = "Röthenbach38P2"
on_rail_position = 10

[node name="Signal67" parent="Signals" instance=ExtResource( 15 )]
transform = Transform( -0.171895, 0, 0.985115, 0, 1, 0, -0.985115, 0, -0.171895, -8.73267, 0, -211.653 )
visible = false
attached_rail = "RöthenbachP4P3"

[node name="SpeedLimit" parent="Signals" instance=ExtResource( 60 )]
transform = Transform( 0.0628249, 0, 0.998025, 0, 1, 0, -0.998025, 0, 0.0628249, 3065.57, 5.24866, 2145.72 )
speed = 80
attached_rail = "Röthenbach43P2"
on_rail_position = 170

[node name="Rails" type="Spatial" parent="."]

[node name="Röthenbach" parent="Rails" instance=ExtResource( 5 )]
transform = Transform( 0.0505579, 0, -0.998721, 0, 1, 0, 0.998721, 0, 0.0505579, 15.3003, 0, 20.7928 )
visible = false
length = 135.0
radius = 5156.62
visibleSegments = 151.0
startrot = -87.102
endrot = -85.602
startpos = Vector3( 15.3003, 0, 20.7928 )
endpos = Vector3( 23.8897, 0, 155.515 )
overheadLine = false
isSwitchPart = [ "", "" ]

[node name="Röthenbach2" parent="Rails" instance=ExtResource( 5 )]
transform = Transform( 0.0766841, 0, -0.997055, 0, 1, 0, 0.997055, 0, 0.0766841, 23.8896, 0, 155.515 )
visible = false
radius = 286.479
visibleSegments = 112.111
startrot = -85.602
endrot = -65.602
startpos = Vector3( 23.8896, 0, 155.515 )
endpos = Vector3( 48.6292, 0, 251.883 )
tend2Pos = -1.0
tend2 = 7.0
overheadLine = false
isSwitchPart = [ "Röthenbach3", "" ]

[node name="Röthenbach2P" parent="Rails" instance=ExtResource( 5 )]
transform = Transform( 0.076684, 0, -0.997055, 0, 1, 0, 0.997055, 0, 0.076684, 35.8543, 0, 154.595 )
visible = false
length = 95.8112
radius = 274.479
visibleSegments = 107.457
startrot = -85.602
endrot = -65.602
startpos = Vector3( 35.8543, 0, 154.595 )
endpos = Vector3( 59.5575, 0, 246.926 )
parallelRail = "Röthenbach2"
distanceToParallelRail = -12.0
overheadLine = false
isSwitchPart = [ "", "Röthenbach4PConnector" ]

[node name="Röthenbach3" parent="Rails" instance=ExtResource( 5 )]
transform = Transform( 0.0766841, 0, -0.997055, 0, 1, 0, 0.997055, 0, 0.0766841, 23.8896, 0, 155.515 )
visible = false
length = 30.0
radius = 85.9437
visibleSegments = 34.3333
startrot = -85.602
endrot = -65.602
startpos = Vector3( 23.8896, 0, 155.515 )
endpos = Vector3( 31.3115, 0, 184.425 )
overheadLine = false
isSwitchPart = [ "Röthenbach2", "" ]

[node name="Röthenbach4" parent="Rails" instance=ExtResource( 5 )]
transform = Transform( 0.413073, 0, -0.910698, 0, 1, 0, 0.910698, 0, 0.413073, 48.6292, 0, 251.884 )
visible = false
radius = 818.511
visibleSegments = 112.111
startrot = -65.602
endrot = -58.602
startpos = Vector3( 48.6292, 0, 251.884 )
endpos = Vector3( 95.3901, 0, 340.207 )
tend2Pos = -1.0
endTend = 5.0
overheadLine = false
isSwitchPart = [ "", "" ]

[node name="Röthenbach4P" parent="Rails" instance=ExtResource( 5 )]
transform = Transform( 0.413073, 0, -0.910698, 0, 1, 0, 0.910698, 0, 0.413073, 59.5576, 0, 246.927 )
visible = false
length = 98.5339
radius = 806.511
visibleSegments = 110.482
startrot = -65.602
endrot = -58.602
startpos = Vector3( 59.5576, 0, 246.927 )
endpos = Vector3( 105.633, 0, 333.955 )
parallelRail = "Röthenbach4"
distanceToParallelRail = -12.0
overheadLine = false
isSwitchPart = [ "", "" ]

[node name="Röthenbach3Connector" parent="Rails" instance=ExtResource( 5 )]
transform = Transform( 0.413073, 0, -0.910698, 0, 1, 0, 0.910698, 0, 0.413073, 31.3115, 0, 184.426 )
visible = false
length = 34.2936
radius = -12544.5
visibleSegments = 39.104
startrot = -65.602
endrot = -65.7586
startpos = Vector3( 31.3115, 0, 184.426 )
endpos = Vector3( 45.4346, 0, 215.676 )
overheadLine = false
isSwitchPart = [ "", "" ]

[node name="Röthenbach4PConnector" parent="Rails" instance=ExtResource( 5 )]
transform = Transform( 0.410581, 0, -0.911824, 0, 1, 0, 0.911824, 0, 0.410581, 45.4345, 0, 215.676 )
visible = false
length = 34.2936
radius = 12544.5
visibleSegments = 39.104
startrot = -65.7587
endrot = -65.602
startpos = Vector3( 45.4345, 0, 215.676 )
endpos = Vector3( 59.5575, 0, 246.926 )
overheadLine = false
isSwitchPart = [ "", "Röthenbach2P" ]

[node name="Röthenbach5" parent="Rails" instance=ExtResource( 5 )]
transform = Transform( 0.52098, 0, -0.853569, 0, 1, 0, 0.853569, 0, 0.52098, 95.4346, -0.00137758, 340.222 )
visible = false
length = 130.0
radius = 275.869
visibleSegments = 145.444
startrot = -58.602
endrot = -31.602
startpos = Vector3( 95.4346, -0.00137758, 340.222 )
endpos = Vector3( 186.348, -4.54215, 431.46 )
endSlope = -7.0
startTend = 5.0
tend2Pos = -1.0
overheadLine = false
isSwitchPart = [ "", "" ]

[node name="Röthenbach5P" parent="Rails" instance=ExtResource( 5 )]
transform = Transform( 0.52098, 0, -0.853569, 0, 1, 0, 0.853569, 0, 0.52098, 105.677, -0.00137758, 333.97 )
visible = false
length = 124.345
radius = 263.869
visibleSegments = 139.161
startrot = -58.602
endrot = -31.602
startpos = Vector3( 105.677, -0.00137758, 333.97 )
endpos = Vector3( 192.636, -4.54215, 421.239 )
parallelRail = "Röthenbach5"
distanceToParallelRail = -12.0
overheadLine = false
isSwitchPart = [ "", "" ]

[node name="Röthenbach9" parent="Rails" instance=ExtResource( 5 )]
transform = Transform( 0.712002, 0, -0.702178, 0, 1, 0, 0.702178, 0, 0.712002, 620.491, -0.00477213, 764.723 )
visible = false
length = 80.0
visibleSegments = 89.8889
startrot = -44.602
endrot = -44.602
startpos = Vector3( 620.491, -0.00477213, 764.723 )
endpos = Vector3( 677.451, -0.00477213, 820.897 )
overheadLine = false
isSwitchPart = [ "", "" ]

[node name="Röthenbach9P" parent="Rails" instance=ExtResource( 5 )]
transform = Transform( 0.712002, 0, -0.702178, 0, 1, 0, 0.702178, 0, 0.712002, 626.108, -0.00477213, 759.027 )
visible = false
length = 80.0
visibleSegments = 89.8889
startrot = -44.602
endrot = -44.602
startpos = Vector3( 626.108, -0.00477213, 759.027 )
endpos = Vector3( 683.069, -0.00477213, 815.201 )
parallelRail = "Röthenbach9"
distanceToParallelRail = -8.0
overheadLine = false
isSwitchPart = [ "", "" ]

[node name="Röthenbach10" parent="Rails" instance=ExtResource( 5 )]
transform = Transform( 0.712002, 0, -0.702178, 0, 1, 0, 0.702178, 0, 0.712002, 677.451, 0, 820.897 )
visible = false
length = 80.0
radius = 305.577
visibleSegments = 89.8889
startrot = -44.602
endrot = -29.602
startpos = Vector3( 677.451, 0, 820.897 )
endpos = Vector3( 741.074, 0, 869.018 )
overheadLine = false
isSwitchPart = [ "", "" ]

[node name="Röthenbach10P" parent="Rails" instance=ExtResource( 5 )]
transform = Transform( 0.712002, 0, -0.702178, 0, 1, 0, 0.702178, 0, 0.712002, 683.068, 0, 815.201 )
visible = false
length = 77.9056
radius = 297.577
visibleSegments = 87.5618
startrot = -44.602
endrot = -29.602
startpos = Vector3( 683.068, 0, 815.201 )
endpos = Vector3( 745.026, 0, 862.062 )
parallelRail = "Röthenbach10"
distanceToParallelRail = -8.0
overheadLine = false
isSwitchPart = [ "", "" ]

[node name="Röthenbach11" parent="Rails" instance=ExtResource( 5 )]
transform = Transform( 0.869478, 0, -0.493972, 0, 1, 0, 0.493972, 0, 0.869478, 741.074, 0, 869.018 )
visible = false
length = 50.0
radius = 572.958
visibleSegments = 56.5556
startrot = -29.602
endrot = -24.602
startpos = Vector3( 741.074, 0, 869.018 )
endpos = Vector3( 785.57, 0, 891.79 )
overheadLine = false
isSwitchPart = [ "", "" ]

[node name="Röthenbach12" parent="Rails" instance=ExtResource( 5 )]
transform = Transform( 0.909222, 0, -0.416312, 0, 1, 0, 0.416312, 0, 0.909222, 785.57, 0, 891.79 )
visible = false
length = 50.0
radius = -572.958
visibleSegments = 56.5556
startrot = -24.602
endrot = -29.602
startpos = Vector3( 785.57, 0, 891.79 )
endpos = Vector3( 830.066, 0, 914.562 )
overheadLine = false
isSwitchPart = [ "", "" ]

[node name="Röthenbach13" parent="Rails" instance=ExtResource( 5 )]
transform = Transform( 0.869478, 0, -0.493972, 0, 1, 0, 0.493972, 0, 0.869478, 830.066, 0, 914.562 )
visible = false
length = 220.0
visibleSegments = 245.444
startrot = -29.602
endrot = -29.602
startpos = Vector3( 830.066, 0, 914.562 )
endpos = Vector3( 1021.35, 0, 1023.24 )
overheadLine = false
isSwitchPart = [ "", "" ]

[node name="Röthenbach13P" parent="Rails" instance=ExtResource( 5 )]
transform = Transform( 0.869478, 0, -0.493972, 0, 1, 0, 0.493972, 0, 0.869478, 835.994, 0, 904.128 )
visible = false
length = 220.0
visibleSegments = 245.444
startrot = -29.602
endrot = -29.602
startpos = Vector3( 835.994, 0, 904.128 )
endpos = Vector3( 1027.28, 0, 1012.8 )
parallelRail = "Röthenbach13"
distanceToParallelRail = -12.0
overheadLine = false
isSwitchPart = [ "", "" ]

[node name="Röthenbach10PConnector" parent="Rails" instance=ExtResource( 5 )]
transform = Transform( 0.869478, 0, -0.493972, 0, 1, 0, 0.493972, 0, 0.869478, 745.026, 0, 862.063 )
visible = false
length = 50.1695
radius = 300.356
visibleSegments = 56.7439
startrot = -29.602
endrot = -20.0317
startpos = Vector3( 745.026, 0, 862.063 )
endpos = Vector3( 790.51, 0, 883.096 )
overheadLine = false
isSwitchPart = [ "", "" ]

[node name="Röthenbach13PConnector" parent="Rails" instance=ExtResource( 5 )]
transform = Transform( 0.939503, 0, -0.34254, 0, 1, 0, 0.34254, 0, 0.939503, 790.51, 0, 883.095 )
visible = false
length = 50.1695
radius = -300.356
visibleSegments = 56.7439
startrot = -20.0317
endrot = -29.602
startpos = Vector3( 790.51, 0, 883.095 )
endpos = Vector3( 835.994, 0, 904.128 )
overheadLine = false
isSwitchPart = [ "", "" ]

[node name="Röthenbach14" parent="Rails" instance=ExtResource( 5 )]
transform = Transform( 0.869478, 0, -0.493972, 0, 1, 0, 0.493972, 0, 0.869478, 1021.35, 0, 1023.24 )
visible = false
visibleSegments = 112.111
startrot = -29.602
endrot = -29.602
startpos = Vector3( 1021.35, 0, 1023.24 )
endpos = Vector3( 1108.3, 0, 1072.64 )
overheadLine = false
isSwitchPart = [ "Röthenbach13Connector", "Röthenbach15Connector" ]

[node name="Röthenbach15" parent="Rails" instance=ExtResource( 5 )]
transform = Transform( 0.869478, 0, -0.493972, 0, 1, 0, 0.493972, 0, 0.869478, 1108.3, 0, 1072.63 )
visible = false
radius = 1145.92
visibleSegments = 112.111
startrot = -29.602
endrot = -24.602
startpos = Vector3( 1108.3, 0, 1072.63 )
endpos = Vector3( 1197.29, 0, 1118.17 )
overheadLine = false
isSwitchPart = [ "", "" ]

[node name="Röthenbach13Connector" parent="Rails" instance=ExtResource( 5 )]
transform = Transform( 0.869478, 0, -0.493972, 0, 1, 0, 0.493972, 0, 0.869478, 1021.35, 0, 1023.24 )
visible = false
length = 50.7466
radius = 170.418
visibleSegments = 57.3851
startrot = -29.602
endrot = -12.5406
startpos = Vector3( 1021.35, 0, 1023.24 )
endpos = Vector3( 1068.53, 0, 1041.42 )
overheadLine = false
isSwitchPart = [ "Röthenbach14", "" ]

[node name="Röthenbach15PConnector" parent="Rails" instance=ExtResource( 5 )]
transform = Transform( 0.976143, 0, -0.217131, 0, 1, 0, 0.217131, 0, 0.976143, 1068.53, 0, 1041.41 )
visible = false
length = 50.7466
radius = -170.418
visibleSegments = 57.3851
startrot = -12.5406
endrot = -29.602
startpos = Vector3( 1068.53, 0, 1041.41 )
endpos = Vector3( 1115.71, 0, 1059.59 )
overheadLine = false
isSwitchPart = [ "", "Röthenbach15PConnector2" ]

[node name="Röthenbach13PConnector2" parent="Rails" instance=ExtResource( 5 )]
transform = Transform( 0.869478, 0, -0.493972, 0, 1, 0, 0.493972, 0, 0.869478, 1027.28, 0, 1012.8 )
visible = false
length = 50.4786
radius = -211.332
visibleSegments = 57.0873
startrot = -29.602
endrot = -43.2876
startpos = Vector3( 1027.28, 0, 1012.8 )
endpos = Vector3( 1067.79, 0, 1042.72 )
overheadLine = false
isSwitchPart = [ "Röthenbach13PConnector3", "" ]

[node name="Röthenbach15Connector" parent="Rails" instance=ExtResource( 5 )]
transform = Transform( 0.727921, 0, -0.685661, 0, 1, 0, 0.685661, 0, 0.727921, 1067.79, 0, 1042.72 )
visible = false
length = 50.4786
radius = 211.332
visibleSegments = 57.0873
startrot = -43.2876
endrot = -29.602
startpos = Vector3( 1067.79, 0, 1042.72 )
endpos = Vector3( 1108.3, 0, 1072.64 )
overheadLine = false
isSwitchPart = [ "", "Röthenbach14" ]

[node name="Röthenbach13PConnector3" parent="Rails" instance=ExtResource( 5 )]
transform = Transform( 0.869478, 0, -0.493972, 0, 1, 0, 0.493972, 0, 0.869478, 1027.28, 0, 1012.8 )
visible = false
length = 50.0299
radius = 834.112
visibleSegments = 56.5888
startrot = -29.602
endrot = -26.1654
startpos = Vector3( 1027.28, 0, 1012.8 )
endpos = Vector3( 1071.49, 0, 1036.19 )
overheadLine = false
isSwitchPart = [ "Röthenbach13PConnector2", "" ]

[node name="Röthenbach15PConnector2" parent="Rails" instance=ExtResource( 5 )]
transform = Transform( 0.897525, 0, -0.440964, 0, 1, 0, 0.440964, 0, 0.897525, 1071.49, 0, 1036.2 )
visible = false
length = 50.0299
radius = -834.112
visibleSegments = 56.5888
startrot = -26.1654
endrot = -29.602
startpos = Vector3( 1071.49, 0, 1036.2 )
endpos = Vector3( 1115.7, 0, 1059.59 )
overheadLine = false
isSwitchPart = [ "", "Röthenbach15PConnector" ]

[node name="Röthenbach16" parent="Rails" instance=ExtResource( 5 )]
transform = Transform( 0.909222, 0, -0.416312, 0, 1, 0, 0.416312, 0, 0.909222, 1197.29, 0, 1118.18 )
visible = false
visibleSegments = 112.111
startrot = -24.602
endrot = -24.602
startpos = Vector3( 1197.29, 0, 1118.18 )
endpos = Vector3( 1288.21, 0, 1159.81 )
overheadLine = false
isSwitchPart = [ "", "" ]

[node name="Röthenbach16P" parent="Rails" instance=ExtResource( 5 )]
transform = Transform( 0.909222, 0, -0.416312, 0, 1, 0, 0.416312, 0, 0.909222, 1202.29, 0, 1107.27 )
visible = false
visibleSegments = 112.111
startrot = -24.602
endrot = -24.602
startpos = Vector3( 1202.29, 0, 1107.27 )
endpos = Vector3( 1293.21, 0, 1148.9 )
parallelRail = "Röthenbach16"
distanceToParallelRail = -12.0
overheadLine = false
isSwitchPart = [ "", "" ]

[node name="Röthenbach17" parent="Rails" instance=ExtResource( 5 )]
transform = Transform( 0.909222, 0, -0.416312, 0, 1, 0, 0.416312, 0, 0.909222, 1288.21, 0, 1159.81 )
visible = false
radius = -572.958
visibleSegments = 112.111
startrot = -24.602
endrot = -34.602
startpos = Vector3( 1288.21, 0, 1159.81 )
endpos = Vector3( 1375.05, 0, 1209.14 )
overheadLine = false
isSwitchPart = [ "", "" ]

[node name="Röthenbach18" parent="Rails" instance=ExtResource( 5 )]
transform = Transform( 0.823117, 0, -0.567872, 0, 1, 0, 0.567872, 0, 0.823117, 1375.05, 0, 1209.14 )
visible = false
radius = 572.958
visibleSegments = 112.111
startrot = -34.602
endrot = -24.602
startpos = Vector3( 1375.05, 0, 1209.14 )
endpos = Vector3( 1461.89, 0, 1258.47 )
overheadLine = false
isSwitchPart = [ "", "" ]

[node name="Röthenbach19" parent="Rails" instance=ExtResource( 5 )]
transform = Transform( 0.909222, 0, -0.416312, 0, 1, 0, 0.416312, 0, 0.909222, 1461.89, 0, 1258.48 )
visible = false
radius = 1145.92
visibleSegments = 112.111
startrot = -24.602
endrot = -19.602
startpos = Vector3( 1461.89, 0, 1258.48 )
endpos = Vector3( 1554.51, 0, 1296.09 )
overheadLine = false
isSwitchPart = [ "", "" ]

[node name="Röthenbach19P" parent="Rails" instance=ExtResource( 5 )]
transform = Transform( 0.909222, 0, -0.416312, 0, 1, 0, 0.416312, 0, 0.909222, 1466.89, 0, 1247.57 )
visible = false
length = 98.9528
radius = 1133.92
visibleSegments = 110.948
startrot = -24.602
endrot = -19.602
startpos = Vector3( 1466.89, 0, 1247.57 )
endpos = Vector3( 1558.54, 0, 1284.79 )
parallelRail = "Röthenbach19"
